dirtyCache=true
sortingAscending=true
sortingColumn=-1
table_col_0=0.015267176
table_col_1=0.66641223
table_col_2=0.11679389
table_col_3=0.2167939
